	fit_time	score_time	test_score	model
0	0.00557708740234375	0.0164029598236084	0.8214285714285714	knn
1	0.005366086959838867	0.009766817092895508	0.8046875	knn
2	0.0057718753814697266	0.010451078414916992	0.8571428571428572	knn
3	0.017493009567260742	0.00969696044921875	0.8292929292929293	knn
4	0.009598016738891602	0.008246898651123047	0.8949494949494949	knn
5	0.0035598278045654297	0.01430201530456543	0.896969696969697	knn
6	0.0034151077270507812	0.007566690444946289	0.8848484848484848	knn
7	0.0034172534942626953	0.009675979614257812	0.8424242424242423	knn
8	0.004039764404296875	0.007479190826416016	0.7494949494949494	knn
9	0.0035119056701660156	0.006838083267211914	0.7191919191919192	knn
0	4.429892063140869	0.03551006317138672	0.8381696428571428	rf
1	0.17462706565856934	0.030836105346679688	0.9397321428571429	rf
2	0.19315600395202637	0.038739919662475586	0.9441964285714285	rf
3	0.5960879325866699	0.03860902786254883	0.901010101010101	rf
4	0.2826042175292969	0.0276029109954834	0.8727272727272727	rf
5	0.36640310287475586	0.0401458740234375	0.9656565656565657	rf
6	0.463947057723999	0.03159904479980469	0.8747474747474748	rf
7	0.24523210525512695	0.03196096420288086	0.8696969696969696	rf
8	0.19492197036743164	0.028687715530395508	0.8282828282828284	rf
9	0.5837879180908203	0.034023284912109375	0.6868686868686869	rf
0	0.15214896202087402	0.030267000198364258	0.8549107142857142	lgr
1	0.06441617012023926	0.011310815811157227	0.9665178571428572	lgr
2	0.05836224555969238	0.007807016372680664	0.9084821428571429	lgr
3	0.05092787742614746	0.0064389705657958984	0.8727272727272728	lgr
4	0.12499094009399414	0.017885208129882812	0.8767676767676768	lgr
5	0.09185576438903809	0.011136054992675781	0.9656565656565657	lgr
6	0.06230306625366211	0.003487110137939453	0.8929292929292929	lgr
7	0.054635047912597656	0.006148099899291992	0.8686868686868686	lgr
8	0.05991196632385254	0.004140138626098633	0.8868686868686868	lgr
9	0.060441017150878906	0.007411003112792969	0.7757575757575756	lgr
0	0.2666623592376709	0.012662887573242188	0.859375	svm
1	0.2088158130645752	0.021616220474243164	0.9732142857142857	svm
2	0.21276593208312988	0.02933502197265625	0.9040178571428571	svm
3	0.20134782791137695	0.009078025817871094	0.8626262626262626	svm
4	0.270427942276001	0.011204957962036133	0.8929292929292929	svm
5	0.15274381637573242	0.03933215141296387	0.9616161616161617	svm
6	0.4477829933166504	0.007616996765136719	0.8747474747474746	svm
7	0.1887378692626953	0.005026102066040039	0.8666666666666666	svm
8	0.17859411239624023	0.014545917510986328	0.8868686868686868	svm
9	0.17551112174987793	0.012695074081420898	0.7858585858585859	svm
0	4.485278844833374	0.0861670970916748	0.875	stacking_svm
1	2.183361053466797	0.06312298774719238	0.9464285714285715	stacking_svm
2	2.2138590812683105	0.0650320053100586	0.9151785714285715	stacking_svm
3	1.5965712070465088	0.05278372764587402	0.8666666666666667	stacking_svm
4	1.1863532066345215	0.040701866149902344	0.896969696969697	stacking_svm
5	1.7854039669036865	0.08293914794921875	0.9656565656565657	stacking_svm
6	1.8025729656219482	0.03319215774536133	0.9050505050505051	stacking_svm
7	1.99845290184021	0.09459996223449707	0.8707070707070707	stacking_svm
8	1.9121160507202148	0.14464402198791504	0.8606060606060606	stacking_svm
9	1.9433538913726807	0.10310792922973633	0.7535353535353535	stacking_svm
0	28.412108659744263	0.09100699424743652	0.8169642857142857	stacking_gb
1	28.634932041168213	0.1351008415222168	0.9151785714285714	stacking_gb
2	22.269167184829712	0.06286096572875977	0.9241071428571429	stacking_gb
3	12.169644117355347	0.10161781311035156	0.8646464646464647	stacking_gb
4	12.373267889022827	0.05111193656921387	0.8707070707070708	stacking_gb
5	13.138489007949829	0.057884931564331055	0.9353535353535354	stacking_gb
6	13.695518255233765	0.055229902267456055	0.8585858585858586	stacking_gb
7	13.290831089019775	0.05482983589172363	0.7858585858585859	stacking_gb
8	12.928312063217163	0.05029106140136719	0.8161616161616161	stacking_gb
9	12.529083728790283	0.0558781623840332	0.7474747474747475	stacking_gb
