	fit_time	score_time	test_score	model
0	0.005347728729248047	0.012479066848754883	0.7946815089672232	knn
1	0.004580020904541016	0.021606922149658203	0.8218923933209648	knn
2	0.004322052001953125	0.011029958724975586	0.8379715522572666	knn
3	0.004004001617431641	0.007751941680908203	0.807977736549165	knn
4	0.0037102699279785156	0.0073888301849365234	0.8441558441558441	knn
5	0.0037789344787597656	0.008246898651123047	0.8543599257884972	knn
6	0.003634214401245117	0.008006811141967773	0.7891156462585034	knn
7	0.004725933074951172	0.010167121887207031	0.8441558441558443	knn
8	0.003715038299560547	0.010751008987426758	0.8163875598086126	knn
9	0.0037682056427001953	0.006772041320800781	0.7655502392344498	knn
0	0.15783405303955078	0.01703810691833496	0.7891156462585034	rf
1	0.11645317077636719	0.02034783363342285	0.8435374149659864	rf
2	0.11132216453552246	0.0164339542388916	0.7962275819418676	rf
3	0.18518996238708496	0.03322410583496094	0.7829313543599258	rf
4	0.11979174613952637	0.019399166107177734	0.8453927025355596	rf
5	0.14104127883911133	0.02403569221496582	0.7439703153988868	rf
6	0.11169195175170898	0.023112058639526367	0.8704390847247989	rf
7	0.1738288402557373	0.025378942489624023	0.730674087816945	rf
8	0.10962200164794922	0.026605844497680664	0.77811004784689	rf
9	0.1273341178894043	0.018738985061645508	0.7763157894736842	rf
0	0.042562007904052734	0.003408193588256836	0.7532467532467532	lgr
1	0.04349374771118164	0.004925251007080078	0.7464440321583179	lgr
2	0.04774618148803711	0.0029668807983398438	0.7619047619047619	lgr
3	0.02960205078125	0.003039121627807617	0.756338899196042	lgr
4	0.029513120651245117	0.004805803298950195	0.7637600494743352	lgr
5	0.03514814376831055	0.003993034362792969	0.7186147186147187	lgr
6	0.03620600700378418	0.0030291080474853516	0.8169449598021026	lgr
7	0.031078815460205078	0.0030531883239746094	0.7062461348175634	lgr
8	0.030923128128051758	0.003281116485595703	0.7338516746411484	lgr
9	0.031087160110473633	0.0037178993225097656	0.7697368421052632	lgr
0	0.32752084732055664	0.011883020401000977	0.7495361781076066	svm
1	0.24584698677062988	0.010774850845336914	0.7699443413729128	svm
2	0.24275779724121094	0.012226104736328125	0.7600494743351887	svm
3	0.2420971393585205	0.012893915176391602	0.7631416202844774	svm
4	0.24041008949279785	0.011584997177124023	0.7730364873222015	svm
5	0.27822184562683105	0.01139688491821289	0.7155225726654298	svm
6	0.21999382972717285	0.009966135025024414	0.8256029684601113	svm
7	0.22243809700012207	0.01039576530456543	0.7037724180581324	svm
8	0.23897600173950195	0.011173725128173828	0.7224880382775121	svm
9	0.23536205291748047	0.012852907180786133	0.7661483253588517	svm
0	1.656162977218628	0.04397392272949219	0.8305504019789735	stacking_svm
1	1.7265799045562744	0.04381203651428223	0.8596165739022881	stacking_svm
2	1.7846028804779053	0.031018972396850586	0.8614718614718615	stacking_svm
3	2.188673734664917	0.09422516822814941	0.8336425479282622	stacking_svm
4	2.019426107406616	0.03669381141662598	0.8923933209647494	stacking_svm
5	1.8631596565246582	0.039327144622802734	0.805813234384663	stacking_svm
6	1.8272881507873535	0.032691001892089844	0.8268398268398267	stacking_svm
7	1.9481449127197266	0.029323101043701172	0.8280766852195424	stacking_svm
8	1.8215601444244385	0.032464027404785156	0.8379186602870813	stacking_svm
9	1.7393898963928223	0.041521310806274414	0.8032296650717703	stacking_svm
0	10.463966131210327	0.06343889236450195	0.8589981447124304	stacking_gb
1	11.191609859466553	0.06658697128295898	0.8559059987631417	stacking_gb
2	10.4621901512146	0.0397031307220459	0.8664192949907236	stacking_gb
3	9.885593175888062	0.04336690902709961	0.8336425479282623	stacking_gb
4	9.847399950027466	0.04327392578125	0.8998144712430427	stacking_gb
5	10.014632940292358	0.04000091552734375	0.8126159554730983	stacking_gb
6	10.1079580783844	0.038272857666015625	0.8818800247371676	stacking_gb
7	9.52677035331726	0.052043914794921875	0.8181818181818181	stacking_gb
8	9.332315683364868	0.0512692928314209	0.8540669856459331	stacking_gb
9	9.624356985092163	0.07351303100585938	0.7852870813397128	stacking_gb
